product_id	location_id	measure	countOfDetailedCells	
8915	8207	1.0000	1	
7347	3337	2.0000	1	
5105	97	2.0000	1	
5494	6909	11.0000	1	
3475	1492	26.0000	1	
4034	8462	31.0000	1	
8864	8617	49.0000	1	
3421	552	50.0000	1	
8642	7467	60.0000	1	
3619	1004	62.0000	1	
2297	4359	72.0000	1	
5192	1187	81.0000	1	
4008	7007	82.0000	1	
2218	9362	124.0000	1	
5281	1365	145.0000	1	
215	274	147.0000	1	
7504	1234	172.0000	1	
6449	5297	177.0000	1	
2114	2057	182.0000	1	
1018	156	187.0000	1	
8910	8128	198.0000	1	
1168	6474	220.0000	1	
5984	3533	236.0000	1	
6291	6591	245.0000	1	
6060	7787	248.0000	1	
8710	8423	253.0000	1	
2233	9287	276.0000	1	
1117	2386	294.0000	1	
6344	4223	300.0000	1	
9686	7245	305.0000	1	
3875	2601	310.0000	1	
4992	8121	336.0000	1	
4058	677	343.0000	1	
598	6912	384.0000	1	
2826	6179	385.0000	1	
5204	3782	405.0000	1	
1719	1802	420.0000	1	
4812	3117	427.0000	1	
535	8646	432.0000	1	
2699	2716	436.0000	1	
2465	1922	447.0000	1	
5959	7884	458.0000	1	
6500	1788	459.0000	1	
2174	1957	461.0000	1	
5220	1019	506.0000	1	
6103	6546	516.0000	1	
4317	5836	543.0000	1	
3512	7033	574.0000	1	
9252	8502	583.0000	1	
5255	9729	599.0000	1	
3975	9955	604.0000	1	
6635	4248	618.0000	1	
6840	9593	619.0000	1	
8205	8789	619.0000	1	
5139	6094	635.0000	1	
8343	7048	639.0000	1	
8856	4868	663.0000	1	
4545	8244	687.0000	1	
1254	6017	690.0000	1	
1225	4216	706.0000	1	
7710	3470	724.0000	1	
2223	8822	735.0000	1	
65	1966	736.0000	1	
5968	1093	740.0000	1	
2217	9389	742.0000	1	
6958	5797	761.0000	1	
2662	790	791.0000	1	
8729	8770	797.0000	1	
4438	2285	806.0000	1	
8064	8976	818.0000	1	
9988	2986	846.0000	1	
1772	9958	847.0000	1	
1943	5261	851.0000	1	
1998	9352	855.0000	1	
2069	8290	862.0000	1	
2108	1012	898.0000	1	
8233	7642	899.0000	1	
4685	6087	910.0000	1	
6586	6045	913.0000	1	
5119	491	921.0000	1	
2577	686	952.0000	1	
9805	5292	990.0000	1	
8302	4162	995.0000	1	
2350	4555	1007.0000	1	
9053	4962	1009.0000	1	
365	8928	1012.0000	1	
5320	5398	1033.0000	1	
2395	6338	1041.0000	1	
9536	9559	1051.0000	1	
8673	4005	1053.0000	1	
7038	8697	1065.0000	1	
1253	9754	1071.0000	1	
6689	1936	1088.0000	1	
2619	4028	1096.0000	1	
2591	6541	1103.0000	1	
621	26	1112.0000	1	
8017	7818	1112.0000	1	
1164	4994	1126.0000	1	
8680	3211	1133.0000	1	
9469	4371	1134.0000	1	
9251	8455	1139.0000	1	
6908	7536	1143.0000	1	
2579	8353	1161.0000	1	
7906	8109	1166.0000	1	
9983	9810	1173.0000	1	
9333	4544	1174.0000	1	
807	1406	1192.0000	1	
607	5708	1196.0000	1	
1521	8713	1204.0000	1	
5252	8815	1208.0000	1	
9745	7112	1210.0000	1	
9875	5997	1218.0000	1	
4184	6969	1219.0000	1	
5233	6521	1244.0000	1	
2709	3646	1247.0000	1	
9814	5404	1255.0000	1	
8440	5120	1256.0000	1	
4956	5930	1264.0000	1	
7739	3285	1279.0000	1	
2236	7421	1301.0000	1	
5407	2611	1301.0000	1	
2195	629	1308.0000	1	
3336	1239	1311.0000	1	
9265	1257	1317.0000	1	
3026	6427	1342.0000	1	
1475	9769	1348.0000	1	
9908	7844	1360.0000	1	
5894	5687	1363.0000	1	
387	6375	1372.0000	1	
3155	3322	1393.0000	1	
730	6076	1393.0000	1	
5489	6274	1396.0000	1	
9327	9427	1412.0000	1	
8978	9795	1413.0000	1	
5188	2750	1416.0000	1	
4629	2214	1419.0000	1	
1372	2486	1421.0000	1	
3971	4493	1424.0000	1	
4945	2738	1460.0000	1	
3901	6479	1476.0000	1	
386	4975	1486.0000	1	
9146	2629	1487.0000	1	
3173	9714	1538.0000	1	
8189	4419	1558.0000	1	
9966	7022	1568.0000	1	
9367	6917	1570.0000	1	
4826	8891	1574.0000	1	
7325	5704	1590.0000	1	
8872	6497	1605.0000	1	
1097	7995	1610.0000	1	
5404	4945	1620.0000	1	
289	4385	1633.0000	1	
9603	6864	1634.0000	1	
554	7136	1639.0000	1	
1866	1520	1639.0000	1	
116	7982	1652.0000	1	
7881	2108	1693.0000	1	
5187	3045	1708.0000	1	
9045	7065	1717.0000	1	
560	5668	1722.0000	1	
8453	794	1746.0000	1	
925	366	1780.0000	1	
3586	1603	1786.0000	1	
4471	2845	1798.0000	1	
1491	5545	1802.0000	1	
3697	1493	1814.0000	1	
6039	6654	1838.0000	1	
16	8861	1866.0000	1	
8574	1116	1872.0000	1	
290	8105	1887.0000	1	
7558	316	1930.0000	1	
3978	5952	1942.0000	1	
2177	2041	1968.0000	1	
6691	9555	1999.0000	1	
8195	3516	2061.0000	1	
62	5320	2068.0000	1	
8679	1227	2095.0000	1	
2133	7354	2099.0000	1	
3553	1399	2110.0000	1	
6102	4851	2159.0000	1	
566	3083	2161.0000	1	
8678	3121	2164.0000	1	
5000	3955	2175.0000	1	
7492	7393	2194.0000	1	
4227	7015	2208.0000	1	
9975	9444	2215.0000	1	
599	1838	2219.0000	1	
9608	6926	2222.0000	1	
2762	9569	2232.0000	1	
3987	1241	2235.0000	1	
4858	1103	2257.0000	1	
1788	6226	2259.0000	1	
6110	6577	2269.0000	1	
791	4060	2285.0000	1	
2128	8615	2289.0000	1	
71	3385	2290.0000	1	
7025	9496	2295.0000	1	
8382	8635	2296.0000	1	
3053	437	2304.0000	1	
3935	412	2313.0000	1	
223	5167	2342.0000	1	
5187	9450	2365.0000	1	
2264	2105	2372.0000	1	
5293	7538	2383.0000	1	
760	6895	2385.0000	1	
9758	8784	2391.0000	1	
7459	1246	2429.0000	1	
6244	8135	2454.0000	1	
7007	1087	2454.0000	1	
5133	3800	2461.0000	1	
4363	2232	2463.0000	1	
2877	8357	2464.0000	1	
6282	2206	2468.0000	1	
7405	5667	2477.0000	1	
5015	7839	2477.0000	1	
9594	4215	2489.0000	1	
9274	5143	2495.0000	1	
5391	9501	2496.0000	1	
2148	6779	2519.0000	1	
8494	97	2537.0000	1	
8410	8382	2540.0000	1	
4188	9919	2555.0000	1	
2120	1457	2576.0000	1	
3026	7225	2592.0000	1	
1044	2449	2617.0000	1	
8739	4957	2633.0000	1	
1915	3724	2642.0000	1	
1444	458	2643.0000	1	
6464	706	2650.0000	1	
7932	2187	2652.0000	1	
17	5574	2656.0000	1	
9006	7975	2657.0000	1	
9531	581	2693.0000	1	
7554	4864	2699.0000	1	
2638	5110	2703.0000	1	
7223	4655	2708.0000	1	
6715	5118	2727.0000	1	
6615	2554	2747.0000	1	
5127	5435	2749.0000	1	
2404	807	2753.0000	1	
8928	2750	2760.0000	1	
9167	2558	2765.0000	1	
1580	9739	2781.0000	1	
5582	3639	2797.0000	1	
7260	6590	2809.0000	1	
9552	5218	2828.0000	1	
9601	9964	2838.0000	1	
6432	902	2845.0000	1	
9849	484	2851.0000	1	
1847	2425	2853.0000	1	
4581	8749	2861.0000	1	
1658	7484	2868.0000	1	
1230	5292	2868.0000	1	
7325	8889	2880.0000	1	
739	614	2894.0000	1	
1077	1173	2897.0000	1	
2612	1708	2909.0000	1	
1149	1133	2930.0000	1	
93	1978	2932.0000	1	
8642	1255	2939.0000	1	
1005	6991	2943.0000	1	
5423	680	2945.0000	1	
9772	5122	2950.0000	1	
9190	2632	2968.0000	1	
7421	6347	2970.0000	1	
2855	3094	2980.0000	1	
4207	1779	3011.0000	1	
273	5732	3020.0000	1	
9507	9242	3031.0000	1	
4329	2338	3038.0000	1	
6795	2668	3040.0000	1	
3042	8251	3082.0000	1	
8081	905	3082.0000	1	
2566	6695	3098.0000	1	
4536	5624	3103.0000	1	
9392	3653	3105.0000	1	
5941	4167	3116.0000	1	
17	7330	3123.0000	1	
736	7481	3136.0000	1	
5103	5471	3141.0000	1	
9729	6329	3145.0000	1	
9205	6944	3160.0000	1	
3088	9474	3181.0000	1	
6053	357	3187.0000	1	
8948	5866	3187.0000	1	
1337	9543	3188.0000	1	
6751	8797	3197.0000	1	
2903	5497	3197.0000	1	
8449	1142	3202.0000	1	
7093	2037	3203.0000	1	
7354	5143	3218.0000	1	
5693	1168	3221.0000	1	
4381	3989	3227.0000	1	
2114	9221	3230.0000	1	
9060	9289	3231.0000	1	
1201	4057	3258.0000	1	
1993	8880	3267.0000	1	
9861	1718	3274.0000	1	
7929	6644	3277.0000	1	
2962	3097	3277.0000	1	
6609	6783	3278.0000	1	
8241	6972	3297.0000	1	
6234	9429	3310.0000	1	
857	8963	3328.0000	1	
7952	8561	3332.0000	1	
78	508	3351.0000	1	
8469	4184	3361.0000	1	
4052	460	3369.0000	1	
4832	6940	3375.0000	1	
9669	4118	3381.0000	1	
5053	1399	3417.0000	1	
1400	7898	3427.0000	1	
7137	9191	3453.0000	1	
2826	6137	3482.0000	1	
9076	4325	3482.0000	1	
3137	5853	3486.0000	1	
6133	326	3491.0000	1	
7675	5644	3495.0000	1	
3997	756	3516.0000	1	
7023	1259	3517.0000	1	
5812	9527	3519.0000	1	
6860	6005	3550.0000	1	
9458	7822	3550.0000	1	
1555	3729	3569.0000	1	
9853	6960	3575.0000	1	
1130	9880	3580.0000	1	
574	2306	3596.0000	1	
9586	7088	3599.0000	1	
2864	9403	3603.0000	1	
9871	5993	3612.0000	1	
1407	460	3618.0000	1	
6583	219	3623.0000	1	
3615	4410	3626.0000	1	
8754	4103	3634.0000	1	
8770	9798	3638.0000	1	
4876	8820	3640.0000	1	
9492	7164	3648.0000	1	
8258	9475	3651.0000	1	
3128	5310	3654.0000	1	
6050	6631	3665.0000	1	
2235	1230	3671.0000	1	
4504	9783	3679.0000	1	
5362	7044	3686.0000	1	
3012	2344	3726.0000	1	
6565	61	3728.0000	1	
9708	3647	3730.0000	1	
845	8802	3740.0000	1	
9591	6417	3761.0000	1	
5402	8138	3767.0000	1	
1390	8056	3774.0000	1	
9237	7612	3791.0000	1	
9434	8551	3817.0000	1	
1974	4218	3818.0000	1	
1232	8751	3862.0000	1	
9848	3767	3869.0000	1	
8568	4148	3895.0000	1	
9510	3016	3914.0000	1	
7079	9970	3924.0000	1	
4382	4917	3938.0000	1	
1266	2212	3944.0000	1	
9235	9375	3946.0000	1	
2555	9760	3947.0000	1	
1533	7765	3960.0000	1	
1713	6710	3989.0000	1	
2281	794	4000.0000	1	
2550	645	4002.0000	1	
7898	2168	4014.0000	1	
1532	1615	4036.0000	1	
3016	6276	4058.0000	1	
4570	8838	4073.0000	1	
8166	7141	4086.0000	1	
5322	6329	4089.0000	1	
7984	2849	4093.0000	1	
2958	1827	4140.0000	1	
2010	1012	4145.0000	1	
9918	7226	4147.0000	1	
4827	1957	4149.0000	1	
8192	6153	4167.0000	1	
9044	9867	4170.0000	1	
9486	450	4183.0000	1	
3315	3078	4189.0000	1	
3978	6771	4206.0000	1	
7031	363	4213.0000	1	
4716	1296	4217.0000	1	
7772	911	4225.0000	1	
245	343	4230.0000	1	
713	809	4232.0000	1	
3407	9330	4241.0000	1	
7849	6478	4254.0000	1	
5349	4567	4260.0000	1	
2542	2338	4276.0000	1	
402	3957	4283.0000	1	
2350	4764	4290.0000	1	
3104	8705	4292.0000	1	
656	4372	4292.0000	1	
8725	5107	4294.0000	1	
7325	3242	4317.0000	1	
9058	3899	4321.0000	1	
6617	2466	4329.0000	1	
4459	7779	4366.0000	1	
8398	4006	4373.0000	1	
7662	3428	4377.0000	1	
5934	8035	4382.0000	1	
5686	7094	4384.0000	1	
8527	1005	4432.0000	1	
6542	1949	4437.0000	1	
294	7012	4439.0000	1	
4929	3297	4469.0000	1	
1844	4214	4487.0000	1	
899	1495	4491.0000	1	
6491	4050	4500.0000	1	
1951	5071	4508.0000	1	
6493	5850	4511.0000	1	
538	305	4514.0000	1	
9767	4680	4568.0000	1	
8071	9333	4584.0000	1	
6095	4746	4593.0000	1	
3692	8954	4603.0000	1	
1465	7168	4628.0000	1	
7398	3448	4629.0000	1	
1011	8744	4645.0000	1	
1300	9911	4657.0000	1	
311	6843	4661.0000	1	
3496	7364	4672.0000	1	
1629	4099	4676.0000	1	
2339	255	4686.0000	1	
7172	7205	4697.0000	1	
7028	229	4709.0000	1	
6597	7232	4718.0000	1	
9115	7519	4718.0000	1	
6808	5162	4720.0000	1	
4378	5900	4726.0000	1	
206	6122	4734.0000	1	
2236	1807	4735.0000	1	
2941	1478	4743.0000	1	
8226	8571	4751.0000	1	
719	3521	4751.0000	1	
2783	7921	4757.0000	1	
9603	3691	4768.0000	1	
384	3698	4771.0000	1	
996	9276	4795.0000	1	
4090	1397	4798.0000	1	
8629	5044	4799.0000	1	
7764	793	4802.0000	1	
7128	3983	4802.0000	1	
375	4196	4803.0000	1	
5222	1000	4806.0000	1	
9721	9430	4821.0000	1	
7794	8113	4840.0000	1	
2131	696	4850.0000	1	
6833	8226	4885.0000	1	
510	9854	4904.0000	1	
9980	8300	4905.0000	1	
6062	1564	4921.0000	1	
3607	2056	4930.0000	1	
3431	7782	4941.0000	1	
3626	9371	4956.0000	1	
8706	3391	4990.0000	1	
210	4519	4992.0000	1	
694	1022	5000.0000	1	
5096	9881	5008.0000	1	
6822	9202	5029.0000	1	
7657	1519	5031.0000	1	
4622	2708	5032.0000	1	
2819	1783	5036.0000	1	
9484	2471	5056.0000	1	
1906	1680	5068.0000	1	
5318	5838	5068.0000	1	
4339	2605	5081.0000	1	
8878	7587	5087.0000	1	
6658	3523	5105.0000	1	
6515	3482	5137.0000	1	
273	9168	5143.0000	1	
7426	4416	5144.0000	1	
45	599	5156.0000	1	
4978	2728	5163.0000	1	
443	339	5173.0000	1	
4977	6827	5192.0000	1	
4305	88	5204.0000	1	
790	8888	5206.0000	1	
7397	3968	5227.0000	1	
9767	6351	5229.0000	1	
4476	2141	5236.0000	1	
8432	3720	5256.0000	1	
8711	4775	5262.0000	1	
2991	9403	5277.0000	1	
6716	4903	5284.0000	1	
1302	4886	5285.0000	1	
761	9732	5300.0000	1	
1054	1552	5310.0000	1	
3968	7386	5321.0000	1	
8459	1176	5322.0000	1	
8932	6641	5333.0000	1	
5832	7333	5338.0000	1	
9339	8262	5341.0000	1	
5450	4925	5391.0000	1	
5590	9407	5395.0000	1	
8827	8149	5398.0000	1	
8975	1412	5426.0000	1	
5632	2964	5452.0000	1	
2058	2737	5467.0000	1	
3391	4698	5497.0000	1	
5124	5535	5527.0000	1	
6250	1092	5537.0000	1	
5508	4202	5538.0000	1	
5338	6205	5548.0000	1	
8144	8379	5564.0000	1	
2419	4875	5572.0000	1	
8732	7640	5636.0000	1	
4030	5876	5638.0000	1	
9266	1498	5666.0000	1	
6608	4277	5669.0000	1	
588	397	5673.0000	1	
3254	7720	5714.0000	1	
8376	4469	5731.0000	1	
2204	9050	5741.0000	1	
706	2585	5741.0000	1	
8253	4071	5756.0000	1	
520	8886	5760.0000	1	
5281	6781	5768.0000	1	
5777	7361	5787.0000	1	
8066	8343	5818.0000	1	
373	9728	5832.0000	1	
3894	6306	5843.0000	1	
6040	8643	5859.0000	1	
3504	1789	5876.0000	1	
7558	4293	5900.0000	1	
1280	4794	5907.0000	1	
6693	4254	5942.0000	1	
3992	3569	5949.0000	1	
9763	3074	5954.0000	1	
5382	2845	5962.0000	1	
8018	4929	5966.0000	1	
4423	4134	5981.0000	1	
1766	9255	5984.0000	1	
7440	3820	6007.0000	1	
9517	9243	6025.0000	1	
8680	7946	6032.0000	1	
4165	3615	6045.0000	1	
5520	9640	6058.0000	1	
6626	6973	6061.0000	1	
5835	1524	6110.0000	1	
5128	7150	6120.0000	1	
3571	1382	6120.0000	1	
6567	9531	6138.0000	1	
9786	1891	6148.0000	1	
8948	896	6155.0000	1	
945	3112	6168.0000	1	
7201	448	6173.0000	1	
3509	5268	6173.0000	1	
192	5354	6174.0000	1	
5599	5883	6199.0000	1	
1916	5886	6202.0000	1	
4088	20	6232.0000	1	
4450	3116	6268.0000	1	
6890	3324	6290.0000	1	
8538	5220	6299.0000	1	
5300	9127	6308.0000	1	
6065	3553	6374.0000	1	
3731	1190	6384.0000	1	
4911	2647	6400.0000	1	
7991	2909	6410.0000	1	
3062	4204	6417.0000	1	
3607	9241	6432.0000	1	
1672	4202	6433.0000	1	
1427	8921	6438.0000	1	
5144	6778	6447.0000	1	
6749	4523	6474.0000	1	
1402	8055	6475.0000	1	
5086	3634	6479.0000	1	
6378	3796	6488.0000	1	
8418	1501	6504.0000	1	
3179	7368	6505.0000	1	
7369	4989	6554.0000	1	
3104	8483	6554.0000	1	
2614	3714	6555.0000	1	
8360	7748	6559.0000	1	
7422	3083	6562.0000	1	
3853	4911	6563.0000	1	
4921	9785	6564.0000	1	
8273	3798	6600.0000	1	
5134	7692	6610.0000	1	
2344	9476	6616.0000	1	
9576	2546	6626.0000	1	
280	6628	6628.0000	1	
1587	6144	6645.0000	1	
4896	6226	6648.0000	1	
6821	757	6671.0000	1	
3987	2371	6672.0000	1	
2085	9625	6673.0000	1	
4207	6210	6676.0000	1	
8641	7811	6685.0000	1	
5924	840	6698.0000	1	
7672	6093	6702.0000	1	
8880	7866	6706.0000	1	
1719	4548	6713.0000	1	
1168	3620	6718.0000	1	
5829	4484	6738.0000	1	
4252	1384	6755.0000	1	
195	778	6756.0000	1	
6509	4443	6758.0000	1	
4566	8973	6767.0000	1	
1419	695	6772.0000	1	
2915	4846	6790.0000	1	
5629	6519	6803.0000	1	
9095	3398	6807.0000	1	
8473	1268	6807.0000	1	
3903	1447	6813.0000	1	
9509	7672	6813.0000	1	
5407	1023	6815.0000	1	
6280	9344	6841.0000	1	
4991	6061	6852.0000	1	
521	8098	6885.0000	1	
3893	3470	6926.0000	1	
8400	69	6926.0000	1	
9831	9811	6947.0000	1	
2599	1131	6986.0000	1	
2284	1898	6993.0000	1	
9585	9559	7009.0000	1	
6480	8610	7017.0000	1	
4307	7568	7020.0000	1	
1839	3168	7027.0000	1	
3588	5929	7043.0000	1	
5658	1599	7053.0000	1	
2067	979	7056.0000	1	
6602	485	7062.0000	1	
7424	4837	7089.0000	1	
7271	4458	7097.0000	1	
5721	1072	7102.0000	1	
8234	1871	7104.0000	1	
5400	6052	7105.0000	1	
130	2131	7108.0000	1	
3353	5627	7108.0000	1	
2532	2937	7169.0000	1	
3112	7956	7178.0000	1	
8960	5612	7227.0000	1	
1298	5878	7228.0000	1	
3851	1314	7240.0000	1	
9295	2013	7247.0000	1	
8281	7430	7253.0000	1	
5481	4496	7259.0000	1	
3122	4860	7281.0000	1	
1914	2092	7288.0000	1	
4331	7209	7295.0000	1	
3868	4752	7297.0000	1	
8516	8293	7300.0000	1	
4098	5175	7307.0000	1	
4981	364	7320.0000	1	
9950	1901	7324.0000	1	
2029	1979	7360.0000	1	
3036	1203	7383.0000	1	
9953	5944	7387.0000	1	
689	6582	7434.0000	1	
1787	4324	7487.0000	1	
5811	6430	7488.0000	1	
544	7293	7510.0000	1	
2871	211	7525.0000	1	
3310	9367	7525.0000	1	
92	9060	7530.0000	1	
1926	6033	7536.0000	1	
3112	7907	7565.0000	1	
4712	4941	7577.0000	1	
6288	3713	7578.0000	1	
3262	435	7601.0000	1	
5733	2607	7601.0000	1	
6407	1117	7628.0000	1	
115	400	7633.0000	1	
1484	3511	7645.0000	1	
7654	8204	7664.0000	1	
507	9471	7688.0000	1	
3054	6189	7694.0000	1	
6214	5721	7703.0000	1	
9904	2800	7705.0000	1	
7085	2494	7707.0000	1	
899	9757	7708.0000	1	
2398	9067	7714.0000	1	
115	6542	7733.0000	1	
1837	491	7741.0000	1	
5555	6095	7754.0000	1	
4125	8782	7757.0000	1	
6152	5693	7763.0000	1	
3749	3659	7766.0000	1	
7589	2935	7768.0000	1	
902	4236	7792.0000	1	
5602	4675	7795.0000	1	
1465	4809	7795.0000	1	
3868	3707	7841.0000	1	
5442	3981	7854.0000	1	
6898	9785	7860.0000	1	
2985	7431	7868.0000	1	
4791	6137	7872.0000	1	
7594	6944	7888.0000	1	
8507	2408	7905.0000	1	
5703	166	7911.0000	1	
3893	3242	7919.0000	1	
7198	8887	7939.0000	1	
4843	7176	7944.0000	1	
4182	3210	7953.0000	1	
7488	234	7973.0000	1	
4932	1775	7976.0000	1	
4597	6055	7985.0000	1	
2948	9957	7998.0000	1	
7818	2164	8007.0000	1	
1402	1668	8008.0000	1	
8862	7589	8008.0000	1	
1260	1009	8009.0000	1	
9213	701	8012.0000	1	
4851	8683	8050.0000	1	
8073	5001	8052.0000	1	
1313	2369	8076.0000	1	
732	995	8081.0000	1	
1149	7733	8100.0000	1	
5254	5867	8107.0000	1	
3883	767	8107.0000	1	
8338	4989	8127.0000	1	
1314	9904	8134.0000	1	
1316	7626	8150.0000	1	
2789	7332	8153.0000	1	
2383	7727	8178.0000	1	
4471	8997	8179.0000	1	
8424	1474	8183.0000	1	
6823	5206	8185.0000	1	
7229	7037	8200.0000	1	
940	752	8223.0000	1	
2997	4710	8232.0000	1	
9387	9923	8237.0000	1	
3765	3888	8251.0000	1	
9667	3192	8256.0000	1	
4324	4068	8263.0000	1	
5626	6770	8263.0000	1	
968	5172	8271.0000	1	
4651	5628	8310.0000	1	
342	7800	8311.0000	1	
2438	8960	8314.0000	1	
3641	5080	8325.0000	1	
5025	6203	8327.0000	1	
678	7762	8388.0000	1	
4848	2853	8390.0000	1	
1258	4146	8411.0000	1	
5241	3596	8419.0000	1	
2388	6953	8420.0000	1	
3072	4932	8423.0000	1	
4451	382	8424.0000	1	
2293	7849	8425.0000	1	
2535	7074	8436.0000	1	
6628	2089	8438.0000	1	
2873	5360	8459.0000	1	
8719	4629	8461.0000	1	
4503	2162	8473.0000	1	
6910	547	8492.0000	1	
4911	8988	8512.0000	1	
8683	3523	8520.0000	1	
1405	7805	8524.0000	1	
7695	6250	8535.0000	1	
8978	7146	8535.0000	1	
9873	9365	8548.0000	1	
1205	8178	8559.0000	1	
5756	1346	8571.0000	1	
2470	987	8580.0000	1	
9917	3632	8602.0000	1	
4286	3233	8632.0000	1	
6198	1806	8648.0000	1	
5845	5533	8652.0000	1	
5428	8345	8654.0000	1	
4564	7376	8664.0000	1	
4404	9956	8673.0000	1	
8299	6552	8683.0000	1	
9648	4391	8707.0000	1	
1716	7920	8716.0000	1	
9455	8799	8717.0000	1	
4340	3001	8718.0000	1	
5932	5770	8721.0000	1	
6427	8480	8733.0000	1	
6222	795	8735.0000	1	
8683	9645	8756.0000	1	
672	9450	8763.0000	1	
9404	5259	8765.0000	1	
1121	6380	8784.0000	1	
571	2247	8800.0000	1	
9996	5152	8817.0000	1	
9765	6746	8824.0000	1	
6487	9491	8831.0000	1	
2332	2530	8837.0000	1	
1756	6617	8837.0000	1	
9437	4811	8858.0000	1	
1775	5198	8861.0000	1	
2170	6443	8867.0000	1	
6175	3524	8891.0000	1	
8466	3171	8895.0000	1	
6807	801	8903.0000	1	
7686	9481	8915.0000	1	
26	7590	8941.0000	1	
4804	1062	8965.0000	1	
1268	6149	8974.0000	1	
8709	3187	8991.0000	1	
6900	3856	8993.0000	1	
9134	1322	8993.0000	1	
4270	1688	9001.0000	1	
5949	6051	9018.0000	1	
96	1473	9028.0000	1	
5951	5077	9028.0000	1	
4882	4439	9038.0000	1	
2139	8437	9044.0000	1	
8404	6517	9049.0000	1	
7788	3117	9052.0000	1	
216	4678	9062.0000	1	
5088	5373	9114.0000	1	
4753	7768	9122.0000	1	
975	2853	9123.0000	1	
1414	7581	9129.0000	1	
1884	4746	9129.0000	1	
4439	4070	9130.0000	1	
8815	7066	9133.0000	1	
5356	8612	9135.0000	1	
6304	9280	9177.0000	1	
1318	3586	9191.0000	1	
7027	3200	9192.0000	1	
1258	2423	9221.0000	1	
3288	124	9228.0000	1	
1506	6202	9246.0000	1	
5760	2965	9247.0000	1	
4777	985	9249.0000	1	
1021	7981	9280.0000	1	
6807	9831	9290.0000	1	
4283	6094	9294.0000	1	
8309	4492	9295.0000	1	
2927	6759	9304.0000	1	
4172	2168	9308.0000	1	
2449	9705	9308.0000	1	
8552	8200	9315.0000	1	
1198	3240	9319.0000	1	
4856	1548	9320.0000	1	
5048	4949	9338.0000	1	
6737	3688	9376.0000	1	
1664	9318	9392.0000	1	
5558	7257	9394.0000	1	
8735	3754	9447.0000	1	
2564	1702	9459.0000	1	
1312	2696	9463.0000	1	
5998	9779	9464.0000	1	
9245	244	9479.0000	1	
6305	9093	9483.0000	1	
4380	5706	9493.0000	1	
4552	8585	9499.0000	1	
6113	7509	9502.0000	1	
669	2000	9507.0000	1	
9088	2860	9518.0000	1	
8367	377	9538.0000	1	
3556	673	9542.0000	1	
8601	3627	9543.0000	1	
9267	5686	9556.0000	1	
8344	8477	9574.0000	1	
4417	5566	9585.0000	1	
6002	2556	9590.0000	1	
349	9584	9610.0000	1	
3648	4693	9721.0000	1	
5289	5196	9731.0000	1	
4210	1271	9744.0000	1	
6626	8339	9753.0000	1	
4574	2028	9756.0000	1	
1250	389	9759.0000	1	
5035	6596	9760.0000	1	
6394	309	9769.0000	1	
8060	1367	9771.0000	1	
5897	1779	9784.0000	1	
5284	8625	9788.0000	1	
8500	9435	9793.0000	1	
2001	7981	9812.0000	1	
1847	4203	9845.0000	1	
1390	3251	9848.0000	1	
5175	3410	9853.0000	1	
178	1151	9864.0000	1	
2677	882	9888.0000	1	
4823	8871	9898.0000	1	
2258	9460	9909.0000	1	
7660	3655	9936.0000	1	
2850	3934	9946.0000	1	
753	3906	9955.0000	1	
1460	7381	9982.0000	1	
7112	513	9989.0000	1	
864	8590	9991.0000	1	
9021	327	9998.0000	1	
